%YAML 1.0
---

topic_name: "/cam0/image_raw"
frequency: 20
intrinsic: "cam0.json"
extrinsic: [0.0148655429818, -0.999880929698, 0.00414029679422, -0.0216401454975,
            0.999557249008, 0.0149672133247, 0.025715529948,  -0.064676986768,
            -0.0257744366974, 0.00375618835797, 0.999660727178, 0.00981073058949]

opt_intrinsics: [435.2046959714599, 435.2046959714599, 367.4517211914062, 252.2008514404297, 752, 480]

line_delay: 0.0
time_offset: 0.0

is_fixed_extrinsics: true
is_fixed_time_offset: true
is_fixed_line_delay: true
